01 03 00 00 00 00  : 
01 38 00 00 00 00  : 
01 38 04 00 00 00  : 
01 03 04 00 00 00  : 
01 38 06 00 00 00  : 
01 6A 00 00 00 00  : 
01 57 00 00 00 00  : 
01 57 02 00 00 00  : 
01 57 04 00 00 00  : 
01 57 06 00 00 00  : 
01 57 08 00 00 00  : 
01 03 02 00 00 00  : 
01 38 02 00 00 00  : 
01 18 05 00 00 00  : 
01 3E 03 00 00 00  : 
01 3E 01 00 00 00  : 
01 20 03 00 00 00  : 
01 20 05 00 00 00  : 
01 20 01 00 00 00  : 
01 39 00 00 00 00  : 
01 20 07 00 00 00  : 
01 06 00 00 00 00  : 
01 1D 00 00 00 00  : 
01 5B 00 00 00 00  : 
01 5C 00 00 00 00  : 
01 5C 02 00 00 00  : 
01 22 01 00 00 00  : 
01 06 02 00 00 00  : 
01 3A 00 00 00 00  : 
01 3A 02 00 00 00  : 
01 3A 04 00 00 00  : 
01 3B 00 00 00 00  : 
01 3B 02 00 00 00  : 
01 1E 00 00 00 00  : 
01 5E 00 00 00 00  : 
01 34 01 00 00 00  : 
01 1E 02 00 00 00  : 
01 5F 00 00 00 00  : 
01 5F 02 00 00 00  : 
01 05 00 00 00 00  : 
01 1C 00 00 00 00  : 
01 59 00 00 00 00  : 
01 18 01 00 00 00  : 
01 18 03 00 00 00  : 
01 05 02 00 00 00  : 
01 5A 00 00 00 00  : 
01 07 00 00 00 00  : 
01 07 02 00 00 00  : 
01 08 01 00 00 00  : 
01 6A 02 00 00 00  : 
01 3E 05 00 00 00  : 
01 3E 07 00 00 00  : 
