01 0F 00 00 00 00  : 
01 6E 02 00 00 00  : 
01 6E 00 00 00 00  : 
01 0F 02 00 00 00  : 
01 6F 00 00 00 00  : 
01 0E 00 00 00 00  : 
01 6D 00 00 00 00  : 
01 6D 02 00 00 00  : 
01 43 00 00 00 00  : 
01 71 00 00 00 00  : 
01 43 02 00 00 00  : 
01 43 04 00 00 00  : 
01 43 06 00 00 00  : 
01 43 08 00 00 00  : 
01 43 0A 00 00 00  : 
01 43 0C 00 00 00  : 
01 26 00 00 00 00  : 
01 26 02 00 00 00  : 
01 26 04 00 00 00  : 
01 26 06 00 00 00  : 
01 45 00 00 00 00  : 
01 70 00 00 00 00  : 
01 25 00 00 00 00  : 
01 44 00 00 00 00  : 
01 73 00 00 00 00  : 
01 1E 01 00 00 00  : 
01 25 02 00 00 00  : 
01 73 02 00 00 00  : 
01 73 04 00 00 00  : 
01 73 06 00 00 00  : 
01 73 08 00 00 00  : 
01 24 00 00 00 00  : 
01 72 00 00 00 00  : 
01 24 02 00 00 00  : 
01 24 04 00 00 00  : 
01 24 06 00 00 00  : 
01 1E 03 00 00 00  : 
01 1E 05 00 00 00  : 
01 1E 07 00 00 00  : 
01 10 00 00 00 00  : 
01 27 00 00 00 00  : 
01 46 00 00 00 00  : 
01 74 00 00 00 00  : 
