01 16 02 00 00 00  : 
01 16 00 00 00 00  : 
01 01 01 00 00 00  : 
01 1C 01 00 00 00  : 
01 1B 01 00 00 00  : 
01 1B 03 00 00 00  : 
01 16 04 00 00 00  : 
01 1C 03 00 00 00  : 
01 25 03 00 00 00  : 
01 25 05 00 00 00  : 
01 25 07 00 00 00  : 
01 25 09 00 00 00  : 
01 25 0B 00 00 00  : 
01 25 01 00 00 00  : 
01 25 0D 00 00 00  : 
01 25 0F 00 00 00  : 
01 25 11 00 00 00  : 
01 25 13 00 00 00  : 
01 25 15 00 00 00  : 
01 1A 03 00 00 00  : 
01 4E 02 00 00 00  : 
01 1A 05 00 00 00  : 
01 1A 07 00 00 00  : 
01 4E 00 00 00 00  : 
01 1A 01 00 00 00  : 
01 4E 04 00 00 00  : 
01 4E 06 00 00 00  : 
01 1A 09 00 00 00  : 
01 29 03 00 00 00  : 
01 29 05 00 00 00  : 
01 29 07 00 00 00  : 
01 29 01 00 00 00  : 
01 29 09 00 00 00  : 
01 29 0B 00 00 00  : 
01 02 03 00 00 00  : 
01 02 05 00 00 00  : 
01 02 07 00 00 00  : 
01 02 09 00 00 00  : 
01 02 01 00 00 00  : 
