01 11 00 00 00 00  : ピアノ1
01 75 00 00 00 00  : ピアノ2
01 11 02 00 00 00  : ピアノ3
01 76 00 00 00 00  : ホンキートンクピアノ
01 29 00 00 00 00  : ハープシコード1
01 29 02 00 00 00  : ハープシコード2
01 10 01 00 00 00  : クラビコード
01 28 00 00 00 00  : DXエレピ1
01 28 02 00 00 00  : DXエレピ2
01 1F 01 00 00 00  : DXエレピ3
01 28 04 00 00 00  : DXエレピ4
01 47 00 00 00 00  : ステージエレピ1
01 47 02 00 00 00  : ステージエレピ2
01 47 04 00 00 00  : ステージエレピ3
01 47 06 00 00 00  : ステージエレピ4
01 47 08 00 00 00  : ステージエレピ5
01 47 0A 00 00 00  : ステージエレピ6
01 37 01 00 00 00  : スタックエレピ1
01 37 03 00 00 00  : スタックエレピ2
01 77 00 00 00 00  : クラビ1
01 77 02 00 00 00  : クラビ2
