01 00 00 00 00 00  : ストリングス1
01 19 00 00 00 00  : ストリングス2
01 33 00 00 00 00  : ストリングス3
01 50 00 00 00 00  : ストリングス4
01 52 00 00 00 00  : ストリングス5
01 04 01 00 00 00  : ストリングス6
01 1D 01 00 00 00  : ストリングス7
01 2D 01 00 00 00  : ストリングス8
01 50 02 00 00 00  : ストリングス9
01 33 02 00 00 00  : チェンバーストリングス1
01 33 04 00 00 00  : チェンバーストリングス2
01 33 06 00 00 00  : チェンバーストリングス3
01 33 08 00 00 00  : チェンバーストリングス4
01 1A 00 00 00 00  : ピチカートストリングス1
01 1A 02 00 00 00  : ピチカートストリングス2
01 1A 04 00 00 00  : ピチカートストリングス3
01 1A 06 00 00 00  : ピチカートストリングス4
01 32 00 00 00 00  : トレモロストリングス
01 00 02 00 00 00  : ストリングス1&7
01 19 02 00 00 00  : ストリングス2&ビオラ
01 33 0A 00 00 00  : ストリングス3&4
01 1D 03 00 00 00  : ストリングス7&バイオリン5
01 17 05 00 00 00  : バイオリン5&チェロ
01 31 01 00 00 00  : オクターブストリングス1
01 31 03 00 00 00  : オクターブストリングス2
01 01 00 00 00 00  : バイオリン1
01 35 00 00 00 00  : バイオリン2
01 53 00 00 00 00  : バイオリン3
01 17 07 00 00 00  : バイオリン4
01 17 01 00 00 00  : バイオリン5
01 35 02 00 00 00  : バイオリン6
01 17 03 00 00 00  : ビオラ
01 36 00 00 00 00  : チェロ1
01 36 02 00 00 00  : チェロ2
01 55 00 00 00 00  : ピチカートバイオリン
