01 4D 00 00 00 00  : 
01 00 01 00 00 00  : 
01 40 01 00 00 00  : 
01 00 03 00 00 00  : 
01 40 03 00 00 00  : 
01 40 05 00 00 00  : 
01 4D 02 00 00 00  : 
01 4D 04 00 00 00  : 
01 4D 06 00 00 00  : 
01 4D 08 00 00 00  : 
01 4D 0A 00 00 00  : 
01 4D 0C 00 00 00  : 
01 4D 0E 00 00 00  : 
01 4D 10 00 00 00  : 
01 4D 12 00 00 00  : 
01 40 07 00 00 00  : 
01 40 09 00 00 00  : 
01 4D 14 00 00 00  : 
01 15 02 00 00 00  : 
01 15 00 00 00 00  : 
01 33 01 00 00 00  : 
01 33 03 00 00 00  : 
01 33 05 00 00 00  : 
01 33 07 00 00 00  : 
01 33 09 00 00 00  : 
