01 24 01 00 00 00  : 
01 24 03 00 00 00  : 
01 2C 01 00 00 00  : 
01 41 01 00 00 00  : 
01 24 05 00 00 00  : 
01 24 07 00 00 00  : 
01 24 09 00 00 00  : 
01 24 0B 00 00 00  : 
01 28 01 00 00 00  : 
01 2B 01 00 00 00  : 
01 43 01 00 00 00  : 
01 18 00 00 00 00  : 
01 28 03 00 00 00  : 
01 28 05 00 00 00  : 
01 2A 01 00 00 00  : 
01 66 00 00 00 00  : 
01 0D 01 00 00 00  : 
01 66 02 00 00 00  : 
01 66 04 00 00 00  : 
01 66 06 00 00 00  : 
01 66 08 00 00 00  : 
01 0E 01 00 00 00  : 
01 5D 00 00 00 00  : 
01 54 00 00 00 00  : 
01 58 02 00 00 00  : 
01 58 00 00 00 00  : 
01 21 01 00 00 00  : 
01 3A 01 00 00 00  : 
01 04 02 00 00 00  : 
01 21 03 00 00 00  : 
01 04 00 00 00 00  : 
01 58 04 00 00 00  : 
01 58 06 00 00 00  : 
01 58 08 00 00 00  : 
01 21 05 00 00 00  : 
01 3A 03 00 00 00  : 
01 21 07 00 00 00  : 
01 34 00 00 00 00  : 
01 51 00 00 00 00  : 
01 05 01 00 00 00  : 
01 34 02 00 00 00  : 
01 34 04 00 00 00  : 
01 34 06 00 00 00  : 
01 34 08 00 00 00  : 
01 26 03 00 00 00  : 
01 17 00 00 00 00  : 
01 2E 00 00 00 00  : 
01 31 00 00 00 00  : 
01 26 01 00 00 00  : 
01 31 02 00 00 00  : 
01 31 04 00 00 00  : 
01 4F 00 00 00 00  : 
01 03 01 00 00 00  : 
01 27 01 00 00 00  : 
01 4F 02 00 00 00  : 
