01 24 01 00 00 00  : シンセリード1
01 24 03 00 00 00  : シンセリード2
01 2C 01 00 00 00  : シンセリード3
01 41 01 00 00 00  : シンセリード4
01 24 05 00 00 00  : シンセリード5
01 24 07 00 00 00  : シンセリード6
01 24 09 00 00 00  : シンセリード7
01 24 0B 00 00 00  : シンセリード8
01 28 01 00 00 00  : ポップリード1
01 2B 01 00 00 00  : ポップリード2
01 43 01 00 00 00  : ポップリード3
01 18 00 00 00 00  : ポップリード4
01 28 03 00 00 00  : ポップリード5
01 28 05 00 00 00  : ポップリード6
01 2A 01 00 00 00  : ポップリード7
01 66 00 00 00 00  : シンセクラリネット1
01 0D 01 00 00 00  : シンセクラリネット2
01 66 02 00 00 00  : シンセクラリネット3
01 66 04 00 00 00  : シンセクラリネット4
01 66 06 00 00 00  : シンセクラリネット5
01 66 08 00 00 00  : シンセクラリネット6
01 0E 01 00 00 00  : シンセサックス
01 5D 00 00 00 00  : シンセトランペット
01 54 00 00 00 00  : シンセバイオリン
01 58 02 00 00 00  : シンセブラス1
01 58 00 00 00 00  : シンセブラス2
01 21 01 00 00 00  : シンセブラス3
01 3A 01 00 00 00  : シンセブラス4
01 04 02 00 00 00  : シンセブラス5
01 21 03 00 00 00  : シンセブラス6
01 04 00 00 00 00  : シンセブラス7
01 58 04 00 00 00  : シンセブラス8
01 58 06 00 00 00  : シンセブラス9
01 58 08 00 00 00  : シンセブラス10
01 21 05 00 00 00  : シンセブラス11
01 3A 03 00 00 00  : シンセブラス12
01 21 07 00 00 00  : シンセブラス13
01 34 00 00 00 00  : シンセストリングス1
01 51 00 00 00 00  : シンセストリングス2
01 05 01 00 00 00  : シンセストリングス3
01 34 02 00 00 00  : シンセストリングス4
01 34 04 00 00 00  : シンセストリングス5
01 34 06 00 00 00  : シンセストリングス6
01 34 08 00 00 00  : シンセストリングス7
01 26 03 00 00 00  : シンセベル1
01 17 00 00 00 00  : シンセベル2
01 2E 00 00 00 00  : シンセベル3
01 31 00 00 00 00  : シンセベル4
01 26 01 00 00 00  : シンセベル5
01 31 02 00 00 00  : シンセベル6
01 31 04 00 00 00  : シンセベル7
01 4F 00 00 00 00  : シンセディケイ1
01 03 01 00 00 00  : シンセディケイ2
01 27 01 00 00 00  : シンセディケイ3
01 4F 02 00 00 00  : シンセディケイ4
