01 08 00 00 00 00  : 
01 61 00 00 00 00  : 
01 2E 01 00 00 00  : 
01 3B 01 00 00 00  : 
01 3D 00 00 00 00  : 
01 3C 00 00 00 00  : 
01 3C 02 00 00 00  : 
01 0A 01 00 00 00  : 
01 20 00 00 00 00  : 
01 0A 00 00 00 00  : 
01 65 00 00 00 00  : 
01 30 01 00 00 00  : 
01 0A 02 00 00 00  : 
01 0C 01 00 00 00  : 
01 09 00 00 00 00  : 
01 63 00 00 00 00  : 
01 2F 01 00 00 00  : 
01 3C 01 00 00 00  : 
01 09 02 00 00 00  : 
01 3E 00 00 00 00  : 
01 39 01 00 00 00  : 
01 21 00 00 00 00  : 
01 64 00 00 00 00  : 
01 36 01 00 00 00  : 
01 0B 00 00 00 00  : 
01 0B 02 00 00 00  : 
01 67 00 00 00 00  : 
01 67 04 00 00 00  : 
01 67 02 00 00 00  : 
01 3F 00 00 00 00  : 
01 3F 02 00 00 00  : 
01 67 06 00 00 00  : 
01 68 00 00 00 00  : 
01 23 01 00 00 00  : 
01 68 02 00 00 00  : 
01 69 00 00 00 00  : 
01 3D 03 00 00 00  : 
01 3D 01 00 00 00  : 
01 41 00 00 00 00  : 
